852000                                           006959555                                                004050VICS                         2607280523    074240599                                                                                                                                                                                                                                                                                                                                                            
852XQ H260724                                                                                                                                                                                                                                                                                                                                                                                                                                                                                                                   
852LIN      EN9780008392741                                                                                                                                                                                                                                                                                                                                                                                                                                                                                                     
852ZA QA0000000000                                                                                                                                                                                                                                                                                                                                                                                                                                                                                                              
852SDQEA92020              -000000002                 0000000000                 0000000000                 0000000000                 0000000000                 0000000000                 0000000000                 0000000000                 0000000000                 0000000000                                                                                                                                                                                                                                        
852LIN      EN9780063215184                                                                                                                                                                                                                                                                                                                                                                                                                                                                                                     
852ZA QA0000000000                                                                                                                                                                                                                                                                                                                                                                                                                                                                                                              
852SDQEA92159              0000000001215              0000000002                 0000000000                 0000000000                 0000000000                 0000000000                 0000000000                 0000000000                 0000000000                 0000000000                                                                                                                                                                                                                                        
852ZA QS0000000000  007260727                                                                                                                                                                                                                                                                                                                                                                                                                                                                                                   
852SDQEA92159              0000000001                 0000000000                 0000000000                 0000000000                 0000000000                 0000000000                 0000000000                 0000000000                 0000000000                 0000000000                                                                                                                                                                                                                                        
852LIN      EN9780525559498                                                                                                                                                                                                                                                                                                                                                                                                                                                                                                     
852ZA QA0000000000                                                                                                                                                                                                                                                                                                                                                                                                                                                                                                              
852SDQEA92032              0000000002034              0000000002035              0000000001036              0000000002043              0000000002048              0000000002050              0000000003052              0000000002053              0000000001055              0000000001                                                                                                                                                                                                                                        
852SDQEA92057              -000000001061              0000000002063              0000000001064              0000000002065              0000000002066              0000000002069              0000000001104              0000000001105              0000000002107              0000000002                                                                                                                                                                                                                                        
852SDQEA92109              0000000001110              0000000001113              -000000001115              0000000002117              0000000002118              0000000002120              0000000002121              0000000002122              0000000002123              0000000001                                                                                                                                                                                                                                        
852SDQEA92126              0000000002127              0000000001128              0000000002131              0000000002133              0000000002134              0000000001135              0000000001136              0000000002137              0000000001138              0000000001                                                                                                                                                                                                                                        
852SDQEA92139              0000000002140              0000000002144              0000000002145              0000000001146              -000000001147              0000000002148              0000000002149              0000000001150              0000000002151              0000000001                                                                                                                                                                                                                                        
852SDQEA92155              0000000003159              0000000002160              0000000002161              0000000001163              0000000001164              0000000001165              0000000001166              0000000001169              0000000001170              0000000001                                                                                                                                                                                                                                        
852SDQEA92176              -000000001178              0000000002180              0000000001181              0000000001182              0000000002183              0000000002186              0000000002192              0000000001198              0000000001199              0000000002                                                                                                                                                                                                                                        
852SDQEA92201              0000000001203              0000000002206              0000000002207              0000000002209              0000000002211              0000000001214              0000000001215              0000000002216              0000000003218              0000000002                                                                                                                                                                                                                                        
852SDQEA92219              0000000005220              0000000002223              0000000002224              0000000002227              0000000002228              0000000001229              0000000002230              0000000002231              0000000002232              0000000001                                                                                                                                                                                                                                        
852SDQEA92233              0000000002234              0000000002235              0000000002236              0000000002237              0000000002239              0000000001240              0000000002249              0000000002256              0000000002267              -000000001                                                                                                                                                                                                                                        
852SDQEA92269              0000000002271              0000000002272              0000000001273              0000000002275              0000000001276              0000000002277              0000000001280              0000000002282              0000000001283              0000000002                                                                                                                                                                                                                                        
852SDQEA92285              0000000001287              0000000002288              0000000001289              0000000001290              0000000001291              0000000002297              0000000002300              0000000002301              0000000002302              0000000001                                                                                                                                                                                                                                        
852SDQEA92303              0000000001312              0000000004318              -000000001324              0000000002                 0000000000                 0000000000                 0000000000                 0000000000                 0000000000                 0000000000                                                                                                                                                                                                                                        
852ZA QS0000000000  007260727                                                                                                                                                                                                                                                                                                                                                                                                                                                                                                   
852SDQEA92149              0000000001226              0000000001                 0000000000                 0000000000                 0000000000                 0000000000                 0000000000                 0000000000                 0000000000                 0000000000                                                                                                                                                                                                                                        
852ZA QS0000000000  007260728                                                                                                                                                                                                                                                                                                                                                                                                                                                                                                   
852SDQEA92170              0000000001                 0000000000                 0000000000                 0000000000                 0000000000                 0000000000                 0000000000                 0000000000                 0000000000                 0000000000                                                                                                                                                                                                                                        
852CTT000003000000000000000000  00000000                                                                                                                                                                                                                                                                                                                                                                                                                                                                                        
852000                                           006959555                                                004050VICS                         2607280523    074240599                                                                                                                                                                                                                                                                                                                                                            
852XQ H260724                                                                                                                                                                                                                                                                                                                                                                                                                                                                                                                   
852LIN      UP689860520851                                                                                                                                                                                                                                                                                                                                                                                                                                                                                                      
852ZA QA0000000000                                                                                                                                                                                                                                                                                                                                                                                                                                                                                                              
852SDQEA92020              0000000001027              0000000047034              0000000058036              0000000028041              0000000002042              0000000002050              0000000043054              0000000002058              0000000037064              0000000005                                                                                                                                                                                                                                        
852SDQEA92065              0000000018066              0000000011071              0000000031109              0000000004114              0000000005116              0000000021130              0000000014133              0000000028134              0000000001137              0000000015                                                                                                                                                                                                                                        
852SDQEA92149              0000000005155              0000000001157              0000000014158              -000000001159              -000000002164              -000000010166              0000000044169              0000000005170              0000000116177              0000000042                                                                                                                                                                                                                                        
852SDQEA92178              -000000016187              0000000003195              -000000005197              0000000003201              0000000001203              0000000033206              0000000012211              0000000053214              0000000004215              -000000002                                                                                                                                                                                                                                        
852SDQEA92217              -000000006218              0000000016230              0000000026231              0000000001232              -000000021237              0000000007242              -000000007243              0000000006270              -000000001293              0000000002                                                                                                                                                                                                                                        
852SDQEA92299              0000000054302              0000000003306              0000000026                 0000000000                 0000000000                 0000000000                 0000000000                 0000000000                 0000000000                 0000000000                                                                                                                                                                                                                                        
852ZA QS0000000000  007260727                                                                                                                                                                                                                                                                                                                                                                                                                                                                                                   
852SDQEA92105              0000000002204              0000000004227              0000000002231              0000000001                 0000000000                 0000000000                 0000000000                 0000000000                 0000000000                 0000000000                                                                                                                                                                                                                                        
852CTT000001000000000000000000  00000000                                                                                                                                                                                                                                                                                                                                                                                                                                                                                        
